
   11111 22222 33333 44444 55555
   11112 22223 33334 44445 55556
   11113 22224 33335 44446 55557
   11114 22225 33336 44447 55558
   11115 22226 33337 44448 55559
   11116 22227 33338 44449 55560
   11117 22228 33339 44450 55561
   11118 22229 33340 44451 55562
   11119 22230 33341 44452 55563
   11110 22231 33342 44453 55564
   11121 22232 33343 44454 55565
   11122 22233 33344 44455 55566
   11123 22234 33345 44456 55567
   11124 22235 33346 44457 55568
   11125 22236 33347 44458 55569
   11126 22237 33348 44459 55570
   11127 22238 33349 44460 55571
   11128 22239 33350 44461 55572


