
   44444 55555 11111 22222 33333
   44445 55556 11112 22223 33334
   44446 55557 11113 22224 33335
   44447 55558 11114 22225 33336
   44448 55559 11115 22226 33337
   44449 55560 11116 22227 33338
   44450 55561 11117 22228 33339
   44451 55562 11118 22229 33340
   44452 55563 11119 22230 33341
   44453 55564 11110 22231 33342
   44454 55565 11121 22232 33343
   44455 55566 11122 22233 33344
   44456 55567 11123 22234 33345
   44457 55568 11124 22235 33346
   44458 55569 11125 22236 33347
   44459 55570 11126 22237 33348
   44460 55571 11127 22238 33349
   44461 55572 11128 22239 33350


