
   33333 44444 55555 11111 22222 
   33334 44445 55556 11112 22223 
   33335 44446 55557 11113 22224 
   33336 44447 55558 11114 22225 
   33337 44448 55559 11115 22226 
   33338 44449 55560 11116 22227 
   11117 22228 33339 44450 55561
   11118 22229 33340 44451 55562
   11119 22230 33341 44452 55563
   11110 22231 33342 44453 55564
   11121 22232 33343 44454 55565
   11122 22233 33344 44455 55566
   33345 44456 55567 11123 22234 
   33346 44457 55568 11124 22235 
   33347 44458 55569 11125 22236 
   33348 44459 55570 11126 22237 
   33349 44460 55571 11127 22238 
   33350 44461 55572 11128 22239 


